BEGINNING
[[0.49563737 0.01231722 0.01231819 ... 0.01231702 0.01231703 0.012317  ]
 [0.01231722 0.49535912 0.01310376 ... 0.01310111 0.01310111 0.01310108]
 [0.01231819 0.01310376 0.49538877 ... 0.01301755 0.01301755 0.01301752]
 ...
 [0.01231702 0.01310111 0.01301755 ... 0.09834985 0.88155589 0.88155539]
 [0.01231703 0.01310111 0.01301755 ... 0.88155589 0.05559938 0.93806797]
 [0.012317   0.01310108 0.01301752 ... 0.88155539 0.93806797 0.00287757]]
