LENGTH TO ANALYZE: 1828
BEGINNING
[[0.49940473 0.00168527 0.00168368 ... 0.00168325 0.00168325 0.00168325]
 [0.00168527 0.49761331 0.00674725 ... 0.00674395 0.00674392 0.00674392]
 [0.00168368 0.00674725 0.49960416 ... 0.00111942 0.00111942 0.00111942]
 ...
 [0.00168325 0.00674395 0.00111942 ... 0.36858417 0.34936677 0.3492597 ]
 [0.00168325 0.00674392 0.00111942 ... 0.34936677 0.296016   0.51975327]
 [0.00168325 0.00674392 0.00111942 ... 0.3492597  0.51975327 0.08633433]]
