ANALYSIS ON PICK #1 BEGINNING

BEGINNING
[[0.49563737 0.01231722 0.01231819 ... 0.01231701 0.012317   0.0123201 ]
 [0.01231722 0.49535912 0.01310376 ... 0.01310108 0.01310108 0.01310109]
 [0.01231819 0.01310376 0.49538877 ... 0.01301752 0.01301752 0.01301753]
 ...
 [0.01231701 0.01310108 0.01301752 ... 0.48756226 0.03500021 0.03499623]
 [0.012317   0.01310108 0.01301752 ... 0.03500021 0.48202412 0.05074025]
 [0.0123201  0.01310109 0.01301753 ... 0.03499623 0.05074025 0.48839138]]
